1470805702675 Device(s) COM9  
1470805702741 Connected COM9  
1470805706429 Repl Initialized  
>> voltage 10.285714285714286
temperature 28.480371605497453
currentRaw 32960
current 0.216546
pulse 1754
rpm 1345.9177409453653
voltage 10.285714285714286
temperature 28.480371605497453
currentRaw 32960
current 0.216546
pulse 0
rpm 0
611 10.151679999999999
616 10.151679999999999
627 10.151679999999999
643 10.151679999999999
676 10.151679999999999
691 10.151679999999999
708 10.151679999999999
723 10.151679999999999
740 10.151679999999999
770 10.10636
786 10.151679999999999
802 10.151679999999999
819 10.151679999999999
835 10.151679999999999
868 10.151679999999999
883 10.151679999999999
899 10.151679999999999
914 10.151679999999999
930 10.151679999999999
963 10.151679999999999
979 10.151679999999999
995 10.151679999999999
9 10.151679999999999
28 10.10636
44 10.151679999999999
74 10.151679999999999
90 10.151679999999999
105 10.151679999999999
122 10.10636
137 10.10636
170 10.151679999999999
185 10.10636
201 10.10636
217 10.151679999999999
232 10.151679999999999
265 10.151679999999999
280 10.10636
297 10.151679999999999
313 10.151679999999999
328 10.151679999999999
361 10.151679999999999
376 10.151679999999999
393 10.151679999999999
408 10.151679999999999
423 10.151679999999999
455 10.151679999999999
471 10.151679999999999
490 10.151679999999999
504 10.151679999999999
519 10.151679999999999
551 10.151679999999999
568 10.151679999999999
583 10.151679999999999
598 10.151679999999999
Thrust:  29490 [ 115, 165 ]
614 10.151679999999999
voltage 10.285714285714286
temperature 28.480371605497453
currentRaw 32960
current 0.216546
pulse 0
rpm 0
630 10.151679999999999
662 10.151679999999999
679 10.151679999999999
695 10.151679999999999
710 10.151679999999999
726 10.10636
758 10.151679999999999
774 10.151679999999999
789 10.151679999999999
805 10.151679999999999
821 10.151679999999999
853 10.151679999999999
871 10.151679999999999
887 10.151679999999999
902 10.151679999999999
918 10.151679999999999
949 10.151679999999999
965 10.151679999999999
981 10.151679999999999
997 10.151679999999999
13 10.151679999999999
46 10.10636
62 10.10636
78 10.151679999999999
93 10.151679999999999
109 10.151679999999999
141 10.151679999999999
156 10.151679999999999
172 10.10636
188 10.10636
204 10.10636
220 10.06104
252 10.151679999999999
267 10.10636
283 10.151679999999999
301 10.10636
317 10.01572
348 9.69848
364 8.8374
379 10.06104
395 10.10636
411 10.06104
443 10.10636
460 10.10636
475 10.10636
491 10.10636
507 10.10636
540 10.10636
554 10.10636
570 10.151679999999999
586 10.10636
602 10.151679999999999
635 10.10636
651 10.151679999999999
667 10.10636
683 10.10636
698 10.10636
730 10.151679999999999
745 10.10636
761 10.10636
777 10.10636
793 10.151679999999999
825 10.151679999999999
841 10.10636
858 10.10636
874 10.151679999999999
889 10.151679999999999
906 10.10636
936 10.10636
953 10.10636
969 10.10636
989 10.10636
0 10.151679999999999
32 10.151679999999999
48 10.10636
64 10.10636
81 10.151679999999999
97 10.10636
127 10.10636
143 10.151679999999999
159 10.10636
175 10.10636
191 10.10636
223 10.10636
239 10.151679999999999
255 10.151679999999999
270 10.151679999999999
286 10.10636
318 10.10636
334 10.10636
350 10.151679999999999
366 10.10636
382 10.10636
415 10.10636
430 10.10636
446 10.151679999999999
461 10.151679999999999
479 10.10636
509 10.10636
525 10.151679999999999
541 10.151679999999999
558 10.151679999999999
573 10.151679999999999
589 10.10636
621 10.10636
voltage 10.285714285714286
temperature 28.480371605497453
currentRaw 33408
current 0.719202
pulse 841
rpm 2112.004018081366
637 10.10636
652 10.151679999999999
668 10.151679999999999
684 10.151679999999999
718 10.10636
734 10.151679999999999
748 10.151679999999999
765 10.10636
782 10.151679999999999
814 10.10636
828 10.10636
844 10.10636
860 10.151679999999999
877 10.151679999999999
908 10.10636
925 10.151679999999999
940 10.10636
957 10.10636
972 10.10636
3 10.10636
19 10.10636
35 10.10636
51 10.10636
67 10.151679999999999
84 10.151679999999999
115 10.10636
132 10.10636
147 10.151679999999999
162 10.151679999999999
178 10.151679999999999
210 10.10636
226 10.10636
242 10.151679999999999
258 10.151679999999999
274 10.10636
306 10.10636
322 10.10636
338 10.10636
353 10.151679999999999
369 10.10636
401 10.10636
417 10.10636
434 10.10636
450 10.10636
465 10.151679999999999
497 10.10636
514 10.10636
528 10.10636
545 10.151679999999999
560 10.151679999999999
592 10.10636
608 10.10636
625 10.10636
640 10.10636
656 10.151679999999999
673 10.10636
703 10.10636
719 10.10636
735 10.151679999999999
751 10.151679999999999
768 10.10636
800 10.10636
815 10.10636
831 10.10636
847 10.151679999999999
863 10.151679999999999
895 10.151679999999999
910 10.10636
926 10.151679999999999
942 10.10636
958 10.151679999999999
990 10.10636
6 10.10636
23 10.10636
38 10.10636
54 10.151679999999999
85 10.10636
102 10.10636
117 10.10636
134 10.10636
150 10.10636
166 10.10636
198 10.10636
214 10.10636
231 10.10636
247 10.10636
262 10.10636
294 10.151679999999999
309 10.10636
325 10.10636
341 10.10636
357 10.151679999999999
389 10.10636
405 10.151679999999999
421 10.10636
436 10.10636
453 10.10636
484 10.10636
500 10.10636
517 10.151679999999999
531 10.10636
547 10.10636
580 10.151679999999999
596 10.151679999999999
611 10.10636
611 10.10636
611 10.10636
611 10.10636
voltage 10.285714285714286
temperature 28.480371605497453
currentRaw 33280
current 0.5755859999999999
pulse 1298
rpm 3235.294117647059
627 10.10636
627 10.10636
643 10.10636
643 10.10636
675 10.151679999999999
675 10.151679999999999
692 10.10636
692 10.10636
707 10.151679999999999
707 10.151679999999999
723 10.10636
723 10.10636
739 10.10636
739 10.10636
771 10.10636
771 10.10636
787 10.151679999999999
787 10.151679999999999
803 10.151679999999999
803 10.151679999999999
819 10.10636
819 10.10636
836 10.10636
836 10.10636
850 10.10636
850 10.10636
882 10.10636
882 10.10636
898 10.151679999999999
898 10.151679999999999
914 10.10636
914 10.10636
931 10.10636
931 10.10636
946 10.10636
946 10.10636
977 10.151679999999999
978 10.151679999999999
994 10.10636
994 10.10636
10 10.151679999999999
10 10.151679999999999
26 10.151679999999999
26 10.151679999999999
41 10.10636
41 10.10636
73 10.10636
73 10.10636
90 10.10636
90 10.10636
106 10.151679999999999
106 10.151679999999999
121 10.10636
121 10.10636
138 10.10636
138 10.10636
168 10.151679999999999
168 10.151679999999999
185 10.10636
185 10.10636
200 10.10636
200 10.10636
216 10.151679999999999
216 10.151679999999999
232 10.151679999999999
232 10.151679999999999
265 10.10636
266 10.10636
281 10.10636
281 10.10636
296 10.10636
296 10.10636
312 10.10636
312 10.10636
328 10.151679999999999
328 10.151679999999999
359 10.151679999999999
359 10.151679999999999
376 10.151679999999999
376 10.151679999999999
398 10.10636
398 10.10636
407 10.10636
407 10.10636
423 10.10636
423 10.10636
455 10.151679999999999
455 10.151679999999999
471 10.151679999999999
471 10.151679999999999
488 10.151679999999999
490 10.151679999999999
503 10.151679999999999
504 10.151679999999999
518 10.151679999999999
518 10.151679999999999
534 10.10636
534 10.10636
566 10.10636
566 10.10636
582 10.10636
582 10.10636
598 10.10636
598 10.10636
614 10.151679999999999
614 10.151679999999999
630 10.151679999999999
630 10.151679999999999
664 10.10636
664 10.10636
679 10.10636
679 10.10636
693 10.151679999999999
693 10.151679999999999
710 10.151679999999999
710 10.151679999999999
726 10.10636
726 10.10636
758 10.10636
758 10.10636
774 10.10636
774 10.10636
790 10.151679999999999
790 10.151679999999999
806 10.10636
806 10.10636
823 10.10636
823 10.10636
855 10.151679999999999
855 10.151679999999999
870 10.10636
870 10.10636
886 10.10636
886 10.10636
901 10.151679999999999
901 10.151679999999999
917 10.151679999999999
917 10.151679999999999
950 10.151679999999999
950 10.151679999999999
966 10.151679999999999
966 10.151679999999999
982 10.151679999999999
982 10.151679999999999
997 10.151679999999999
997 10.151679999999999
14 10.151679999999999
14 10.151679999999999
45 10.151679999999999
45 10.151679999999999
60 10.151679999999999
60 10.151679999999999
76 10.10636
76 10.10636
93 10.151679999999999
93 10.151679999999999
109 10.151679999999999
109 10.151679999999999
124 10.151679999999999
124 10.151679999999999
156 10.10636
156 10.10636
173 10.151679999999999
173 10.151679999999999
188 10.10636
188 10.10636
204 10.151679999999999
204 10.151679999999999
220 10.151679999999999
220 10.151679999999999
252 10.151679999999999
252 10.151679999999999
267 10.10636
267 10.10636
284 10.151679999999999
284 10.151679999999999
300 10.151679999999999
300 10.151679999999999
315 10.151679999999999
315 10.151679999999999
348 10.10636
348 10.10636
363 10.10636
363 10.10636
379 10.151679999999999
379 10.151679999999999
395 10.151679999999999
395 10.151679999999999
411 10.151679999999999
411 10.151679999999999
442 10.10636
442 10.10636
458 10.151679999999999
458 10.151679999999999
474 10.151679999999999
474 10.151679999999999
490 10.151679999999999
490 10.151679999999999
506 10.151679999999999
506 10.151679999999999
538 10.151679999999999
538 10.151679999999999
555 10.151679999999999
555 10.151679999999999
570 10.151679999999999
570 10.151679999999999
586 10.151679999999999
586 10.151679999999999
601 10.151679999999999
601 10.151679999999999
Thrust:  29490 [ 115, 165 ]
voltage 10.285714285714286
temperature 28.480371605497453
currentRaw 32960
current 0.216546
pulse 822
rpm 2048.8534396809573
633 10.151679999999999
633 10.151679999999999
650 10.151679999999999
650 10.151679999999999
665 10.151679999999999
665 10.151679999999999
681 10.151679999999999
681 10.151679999999999
697 10.06104
697 10.06104
713 10.01572
713 10.01572
746 10.06104
746 10.06104
761 10.10636
761 10.10636
776 10.10636
776 10.10636
792 10.10636
792 10.10636
808 10.10636
808 10.10636
841 10.10636
841 10.10636
857 10.10636
857 10.10636
872 10.10636
872 10.10636
889 10.10636
889 10.10636
905 10.151679999999999
905 10.151679999999999
937 10.10636
937 10.10636
951 10.10636
951 10.10636
968 10.10636
968 10.10636
983 10.10636
983 10.10636
999 10.10636
999 10.10636
31 10.10636
31 10.10636
49 10.10636
49 10.10636
63 10.151679999999999
63 10.151679999999999
80 10.10636
80 10.10636
96 10.10636
96 10.10636
128 10.10636
128 10.10636
143 10.10636
143 10.10636
159 10.151679999999999
159 10.151679999999999
175 10.10636
175 10.10636
192 10.151679999999999
192 10.151679999999999
207 10.151679999999999
207 10.151679999999999
239 10.10636
239 10.10636
255 10.10636
255 10.10636
270 10.10636
270 10.10636
287 10.10636
287 10.10636
303 10.151679999999999
303 10.151679999999999
335 10.151679999999999
335 10.151679999999999
351 10.151679999999999
351 10.151679999999999
366 10.151679999999999
366 10.151679999999999
382 10.10636
382 10.10636
398 10.151679999999999
398 10.151679999999999
429 10.151679999999999
429 10.151679999999999
445 10.151679999999999
445 10.151679999999999
461 10.151679999999999
461 10.151679999999999
477 10.10636
477 10.10636
494 10.10636
494 10.10636
525 10.10636
525 10.10636
542 10.10636
542 10.10636
557 10.151679999999999
557 10.151679999999999
574 10.151679999999999
574 10.151679999999999
588 10.151679999999999
588 10.151679999999999
621 10.151679999999999
621 10.151679999999999
637 10.10636
637 10.10636
653 10.10636
653 10.10636
670 10.10636
670 10.10636
686 10.151679999999999
686 10.151679999999999
717 10.151679999999999
717 10.151679999999999
733 10.151679999999999
733 10.151679999999999
749 10.10636
749 10.10636
766 10.151679999999999
766 10.151679999999999
780 10.10636
780 10.10636
796 10.10636
796 10.10636
828 10.10636
828 10.10636
844 10.10636
844 10.10636
860 10.151679999999999
860 10.151679999999999
876 10.10636
876 10.10636
893 10.10636
893 10.10636
924 10.10636
924 10.10636
940 10.151679999999999
940 10.151679999999999
955 10.151679999999999
955 10.151679999999999
971 10.10636
971 10.10636
988 10.10636
989 10.10636
20 10.151679999999999
20 10.151679999999999
35 10.10636
35 10.10636
52 10.10636
52 10.10636
68 10.10636
68 10.10636
84 10.151679999999999
84 10.151679999999999
116 10.151679999999999
116 10.151679999999999
130 10.10636
130 10.10636
146 10.10636
146 10.10636
163 10.10636
163 10.10636
179 10.10636
179 10.10636
210 10.10636
210 10.10636
226 10.151679999999999
226 10.151679999999999
243 10.10636
243 10.10636
259 10.10636
259 10.10636
275 10.10636
275 10.10636
305 10.10636
306 10.10636
321 10.10636
321 10.10636
338 10.151679999999999
338 10.151679999999999
353 10.10636
353 10.10636
369 10.151679999999999
369 10.151679999999999
402 10.10636
402 10.10636
417 10.151679999999999
417 10.151679999999999
434 10.151679999999999
434 10.151679999999999
450 10.151679999999999
450 10.151679999999999
466 10.151679999999999
466 10.151679999999999
481 10.10636
482 10.10636
512 10.10636
512 10.10636
528 10.10636
528 10.10636
544 10.10636
544 10.10636
561 10.10636
562 10.10636
576 10.151679999999999
576 10.151679999999999
608 10.10636
608 10.10636
voltage 10.285714285714286
temperature 28.480371605497453
currentRaw 33280
current 0.5755859999999999
pulse 1261
rpm 3165.160642570281
625 10.10636
625 10.10636
640 10.10636
640 10.10636
655 10.10636
655 10.10636
671 10.10636
671 10.10636
703 10.151679999999999
703 10.151679999999999
719 10.151679999999999
719 10.151679999999999
735 10.10636
735 10.10636
751 10.10636
751 10.10636
768 10.10636
768 10.10636
799 10.10636
799 10.10636
815 10.151679999999999
815 10.151679999999999
832 10.10636
832 10.10636
846 10.151679999999999
846 10.151679999999999
862 10.151679999999999
862 10.151679999999999
894 10.151679999999999
894 10.151679999999999
911 10.151679999999999
911 10.151679999999999
926 10.10636
926 10.10636
943 10.10636
943 10.10636
959 10.151679999999999
959 10.151679999999999
991 10.151679999999999
991 10.151679999999999
6 10.10636
6 10.10636
22 10.10636
22 10.10636
38 10.10636
38 10.10636
54 10.10636
54 10.10636
71 10.10636
71 10.10636
102 10.10636
102 10.10636
118 10.10636
118 10.10636
134 10.10636
134 10.10636
150 10.10636
150 10.10636
165 10.151679999999999
165 10.151679999999999
197 10.10636
197 10.10636
213 10.10636
213 10.10636
230 10.10636
230 10.10636
245 10.10636
245 10.10636
261 10.151679999999999
261 10.151679999999999
294 10.10636
294 10.10636
310 10.151679999999999
310 10.151679999999999
326 10.10636
326 10.10636
340 10.10636
340 10.10636
356 10.151679999999999
356 10.151679999999999
388 10.10636
388 10.10636
404 10.10636
404 10.10636
420 10.10636
420 10.10636
436 10.151679999999999
436 10.151679999999999
452 10.10636
452 10.10636
484 10.10636
484 10.10636
500 10.10636
500 10.10636
516 10.10636
516 10.10636
531 10.10636
531 10.10636
547 10.10636
547 10.10636
1470805721578 Board Closing.  
